66689
32
32323
32
32
1231
37.728922540983712756292620231
36
2589.2412114754136592265343283
6.5%
30925
43
4344
434
43
4234

0


40839
321
3123
1323
3213
23131
458.0215234368236505142951113
60
50612.291406209419030857706678
7.0%
59249
21
132132
321
321
1231
24.375275403170200760152923869
60
2693.5165241902120456091754321
7.0%
87773
323
321
3123
23
3131
61.997552629834198684028273462
60
6850.8531577900519210416964077
7.0%
85994
23
213
123
123
123
2.4355474204629851287561410527
60
269.13284522777910772536846316
7.0%
24548
32
23
32
32
31312
959.6815780692786464866243093
36
65860.536810494031273518475135
6.5%
